1
19
21
32
44
164
170
199
205
245
263
431
457
578
801
820
918
1535
1575
2001
2904
3297
4181
4282
4565
5114
5258
5300
6114
7311
7472
7785
9253
9969
9989
10165
10379
11061
11577
11665
11741
12355
12365
15335
15417
17074
19647
20583
21329
21939
22135
23273
24701
26055
28735
28851
28891
28957
28977
30276
30484
30654
31757
31758
31933
32182
32281
32935
32983
33049
33095
33255
33352
33486
33674
34096
34591
34599
34612
35180
35247
35760
35839
35843
36098
36456
36838
36999
37208
37491
37510
37521
37779
37991
38000
38040
38329
38524
38826
38883
