16498
11757
22319
19815
20
31964
6547
10620
4224
20507
9919
21881
1735
31240
6702
22199
269
25777
226
18679
3588
31043
23755
13601
11111
121
27899
22535
6746
8074
2167
30831
28223
30
10087
28171
24833
5081
15809
28121
9756
10793
6880
30503
11617
29803
28999
14741
13759
17265
12189
14813
813
4898
32937
18153
26243
7054
2025
18897
23283
853
849
34134
11771
5680
356
14513
14719
35849
14227
2251
20787
20785
32282
223
14345
22297
15583
1689
889
1195
777
33206
22043
35790
2966
30015
523
10719
934
16592
23289
4654
30240
13125
31478
11759
15451
17895
6045
2236
11887
227
37450
18115
1482
24439
8769
23847
14467
28907
34577
28623
34933
35062
34572
38691
1818
11843
30296
27775
37349
270
25157
6
1210
2993
249
11597
37430
28701
35073
6347
16894
8841
1887
25013
31859
36511
18507
35788
37999
21995
16742
8525
38408
28677
2476
32615
24703
11633
29786
16782
10408
20899
31798
47
22789
9041
14075
355
23281
30307
7674
790
18277
37520
32542
28497
28927
36474
3457
43
33487
22147
7791
5630
3455
7724
1604
23321
32995
18671
24415
15315
16067
32729
14289
11499
225
22729
30694
33506
9513
28297
27787
32901
339
35120
30544
527
31765
8425
23233
28825
71
4382
6213
33
392
5681
37675
1840
6594
31580
2034
59
7593
6707
17729
35507
14967
32951
19163
25183
27631
34902
33489
34566
120
4081
32998
38671
237
5958
23277
32949
30123
25397
11013
5341
8675
34280
14713
7088
15689
31637
10162
45
31339
10110
23199
21603
5530
1691
3712
877
15225
1889
31442
32867
35968
31646
36949
1519
6573
31722
34618
13659
136
16011
6956
31404
14749
2759
8937
34542
4214
36475
14833
34561
32105
1943
15051
467
25835
8861
37347
3784
19221
37210
7817
150
21843
12549
11319
4063
10080
232
10863
10790
9260
512
10800
24765
552
31636
11285
2593
8516
36038
31181
12445
9656
37141
31953
13161
20031
8630
20853
857
33731
27989
4752
10161
23673
25159
37799
28249
437
11433
21405
513
36296
2890
34822
21855
34662
154
33988
3470
16524
36563
12293
27831
228
8795
430
7647
18247
384
2605
37105
34497
10030
2787
28025
34881
21431
34382
11785
24
22265
35860
29095
35203
20541
10495
31737
17549
28805
8676
31741
11981
202
27833
4975
34403
19369
12531
35994
32686
9367
2104
16762
5682
101
13663
22877
27655
28755
37976
32093
10396
36896
481
1726
66
16706
1698
16870
72
32887
35557
16049
22145
9289
323
6500
572
12413
15037
34451
25781
30911
14349
17247
16417
5
38101
18397
10163
37982
4059
26349
9379
10721
530
37086
31163
1292
15379
2418
20057
24455
57
21327
3785
8407
9181
11703
79
34240
861
34798
33926
30363
12291
33502
30749
8086
11933
39597
31338
20689
34281
27991
5042
35972
1530
7769
6675
34934
6205
9515
73
6033
68
36407
31764
1559
32262
36882
13655
20021
189
20767
2924
15085
32899
38680
18677
32379
235
268
9062
6512
10490
3731
14199
1686
24133
5060
33475
19429
7338
27821
16918
10213
3002
22663
6211
7592
38472
32828
6351
36649
31704
10588
24405
32189
4722
38659
4725
9617
32902
10521
21085
21863
22101
16
35076
6682
25681
17513
14131
31173
32380
10067
486
10568
6773
39701
8424
25537
60
3503
29758
387
39940
33253
12477
31376
14829
37171
28725
9936
6324
177
33743
11737
19775
11761
28819
20047
35639
21647
2889
317
30727
442
21339
31772
16001
13535
35838
1571
30016
35413
2026
1222
16009
19111
5277
7711
32438
34176
19769
15039
6747
16904
4901
34636
3092
329
5356
21511
20847
21561
6811
37497
2472
185
39587
8460
12729
4896
1313
33028
585
239
3782
5525
12467
2581
13667
2246
35466
31952
4835
64
210
9941
25283
29785
25099
14353
28617
2129
2923
18245
25879
38186
34914
22687
30205
31845
32827
31405
40010
759
30736
8129
38003
3702
3783
433
31229
9863
4186
528
4999
1827
26
6922
34279
28979
16035
21273
61
32648
16662
7059
357
38483
34437
29854
34626
32962
18179
12967
30187
6201
376
31904
4437
18139
5909
18229
2926
21105
34984
20159
5040
38759
35847
37435
4280
12175
14397
13367
7148
31716
24231
10321
30458
31
35851
550
13599
134
10155
27
18119
145
30885
28675
10020
39026
597
9926
18753
11179
48
18689
21033
39195
12859
5205
6166
4155
23317
36793
10711
29093
10578
67
174
37475
21507
36633
7193
36470
936
10357
36027
1536
11979
8557
469
874
11977
34104
2963
3342
9760
3167
8246
16512
35330
8277
267
32268
97
35712
240
16353
10218
10456
16201
21659
32188
3655
23309
3901
8247
1699
4789
32979
33433
16732
12049
8408
36023
36028
21557
9330
5030
5204
23251
25731
32370
21353
38572
3652
6372
195
8888
35376
31251
5781
12403
31988
29067
14811
440
11701
16668
9135
3667
5940
23079
482
37451
13331
37786
16934
22865
2994
15699
12115
33836
2144
10079
1723
35240
15
13357
10460
5355
31414
31710
38753
10589
856
416
36726
93
6895
19315
34712
10012
12883
36432
38397
19703
19685
19489
18095
12113
4814
37744
12431
6325
50
9982
4087
37965
14837
38656
5678
22
28621
322
34012
3786
6802
37517
6007
31559
4744
169
846
18001
5667
38573
330
17909
3958
468
36548
395
1254
37569
18893
23421
36862
17641
1117
3572
9074
257
36286
33047
16157
31174
17777
256
33161
1690
31658
31297
1562
23623
23333
13333
39198
35079
5177
63
11241
10278
4981
10049
90
10798
1594
6030
22273
31629
24991
26441
2404
35946
15605
28387
8915
36516
10397
182
32526
36946
18195
32407
32360
9331
147
3927
39017
40456
8142
6637
38610
39491
28391
4107
1118
4182
27829
477
20709
241
36106
24705
721
1564
39063
11235
11553
1132
33003
10271
36266
400
29589
35928
24655
9736
2164
149
32681
34086
157
32013
4177
23327
39617
6421
24873
13469
2596
21877
543
20973
4548
37095
20457
5507
3467
25429
10418
33286
24227
7590
11123
39551
570
4472
23311
19365
25519
20509
18857
34494
31374
39326
10209
19363
901
9750
534
17741
33094
37259
38993
2952
7662
14527
30347
21185
1033
6862
9790
3091
34102
33478
16664
34964
35608
740
34321
31245
186
38778
33337
15117
16005
31821
4884
22547
855
22961
26443
35889
30346
35905
153
114
38480
133
3228
5112
17831
32603
5231
39539
1639
37614
34055
12031
25
4106
32801
166
5690
32271
5079
9479
21563
37202
687
22777
11837
10073
32900
135
9471
4477
37055
24031
969
31812
14751
35222
40356
15197
34103
30778
7465
34051
762
36220
3701
26351
132
35459
15119
3230
10897
4581
33581
35484
39575
6444
10119
98
39792
32245
532
30485
1119
40004
8536
37446
18497
39547
38145
11266
13807
39324
160
15565
38790
19151
28619
25389
38297
32924
138
31630
32494
905
33834
37345
13851
24893
15751
34383
898
39030
710
35756
30300
3229
15687
34480
390
39533
31318
139
38084
20431
165
35363
25015
4551
18
21743
834
13939
34443
4192
39523
8934
36049
14921
30709
2403
24277
10029
25687
8476
16528
8426
27633
35241
243
30091
31553
27525
2131
34019
65
935
34498
31914
2002
34350
896
14027
30383
37348
18393
198
33010
11743
8479
9981
5941
31490
33377
17827
38959
1829
31098
39534
53
617
379
479
22097
248
10033
32696
30385
272
33929
372
38787
15613
15227
187
39196
16355
9136
10794
7858
1965
10447
7
40591
949
16890
405
12893
32032
28285
5342
903
1498
137
11079
123
33012
5118
11751
2961
12711
13271
30279
37993
899
1281
21681
24997
33018
6974
894
250
30806
1606
37987
14765
12679
94
30901
80
39565
15437
32673
76
6987
587
3972
1565
102
34262
33421
12461
264
7627
32485
32083
1142
32607
4720
29787
34825
40852
21177
40028
3713
10805
2216
2494
967
122
9776
906
3299
16397
12029
251
24151
9366
900
11783
39456
30230
1250
38992
22835
1579
38080
35262
13055
1566
193
897
32491
9734
904
15911
5262
902
19117
31680
25517
6793
369
895
33354
6377
23385
34126
37525
34944
32981
18441
29317
3087
15199
36316
33051
14407
246
19285
32595
529
31588
8876
6127
1239
13411
28833
31706
167
26165
12471
29974
23209
18295
2685
12565
31537
371
2986
31500
15377
3358
1004
32936
5039
19951
39576
2154
15109
20931
2927
10611
9834
31327
7058
288
29976
13391
29027
11021
38940
996
30370
25649
5150
16774
6954
31771
35848
487
1526
40046
33985
35821
8768
5671
6772
18767
4672
584
450
36754
39988
30127
190
1029
37426
2159
196
3974
28069
658
27891
1088
38256
36124
74
36904
22433
5764
28
12783
4970
3420
957
37722
885
16866
32948
39199
4719
6171
14807
19291
1120
24211
16099
37403
32215
1122
18661
31109
3407
28817
9314
36632
38793
21845
30895
33203
39783
34414
9922
14293
14515
27601
6572
38668
1722
25867
36704
15201
28883
31715
28423
32086
986
8449
5365
451
31147
452
522
28405
33091
38328
34620
325
985
1546
2508
27957
180
10378
459
9587
15059
36817
9065
567
168
13403
627
39468
37989
6164
36317
16444
2847
6381
36873
37806
6336
34973
33654
33948
412
12815
594
34136
265
306
12487
10572
35249
35983
449
16916
34392
6774
32094
27663
37956
10647
36864
24687
401
31430
1462
21437
24629
20449
37393
11077
1430
156
488
3594
11739
634
31931
20555
17505
3366
36043
10156
38481
1121
19383
30740
1589
27727
18617
36510
24037
10491
1050
845
35828
873
62
17082
32023
1361
5034
7079
33263
37920
33071
40454
1015
24627
37033
28221
974
22507
37823
7588
8917
3225
26213
33050
28791
478
34300
4726
2795
1956
38924
18041
859
427
12231
1412
591
2130
10298
37972
34525
35078
31452
54
37579
30206
36653
15775
31389
33089
10681
17535
23775
1852
10372
31804
35338
30321
37007
5420
16694
24075
411
761
37078
17389
343
1140
32698
462
565
34213
32365
36902
12317
32108
36652
940
58
37396
10216
36039
1303
34537
19021
13585
8100
21039
1002
1074
2248
3001
109
38414
6023
30782
37447
33023
953
2899
35842
1860
36792
36828
4535
30014
732
31711
209
6574
14175
23269
38249
33080
23945
8857
23777
14189
14283
28625
298
9107
25303
15771
32668
338
408
10464
27441
962
34580
5734
464
21677
22123
36936
19759
31456
38366
2156
2116
31080
19855
12079
908
34658
5162
23587
6634
38909
460
37926
770
8577
696
1709
1030
143
3613
32608
15879
2985
16518
6610
35677
16385
31138
287
8740
2397
20939
31433
39071
35145
8514
23121
7082
514
10389
35427
389
32071
35589
81
30711
28013
2201
6408
40540
666
1894
34565
6586
35823
535
31051
11697
25161
36884
32175
11113
6676
39247
21797
4918
9201
10083
880
4026
15195
14355
36906
77
5593
11227
1815
35540
20651
26123
1454
33036
31223
208
1719
10294
21473
7661
1569
393
40262
601
9712
875
12685
23225
37522
10465
21653
713
38161
32930
4872
793
9252
36480
32551
144
14753
30415
461
6864
36144
8063
33524
4015
40483
31592
5835
4938
19319
34277
12979
21167
191
6203
146
31380
34547
9465
36245
21809
37979
29101
35434
19671
37379
2369
9047
907
6178
31790
9130
3359
463
34438
31763
12149
39741
1023
32553
30991
516
586
38619
96
490
15125
4151
38699
3231
4196
987
6758
731
34544
558
34541
25859
17121
34100
11135
276
33605
3841
517
2158
9675
10152
5220
23133
743
20053
9724
31783
8311
521
35220
9938
34152
100
104
33558
33248
1696
38349
4879
9624
10076
31848
14893
238
16700
1365
31564
18055
6884
31326
5028
30714
7337
2594
52
6288
39607
10092
8634
3656
1842
37492
10638
37498
394
435
17187
158
30795
35868
19367
8310
30365
33771
850
7017
32366
368
23383
37716
5391
33222
10686
9000
15487
1293
34148
1568
17821
33417
37221
34034
37440
8440
35503
34161
85
15863
297
18523
419
161
22839
192
1816
465
489
2273
37449
21879
31483
12503
4134
18411
32977
37952
32483
40956
779
326
34465
531
966
3226
1013
10604
34501
40902
6945
30191
8726
7705
39586
502
36934
23701
28211
207
37021
31378
2402
32664
181
1731
33573
34440
7902
1915
1557
17651
14511
37719
34076
341
4415
33197
553
4866
1836
36616
3089
2107
32323
15793
36525
38062
15323
36923
1669
99
37932
33589
38935
16868
33142
16273
34855
49
13115
36962
1172
20903
1251
11371
33513
35298
24543
21439
5955
37377
1813
1138
31091
5279
37986
37578
34009
781
34177
9117
129
19023
27387
33889
3848
32866
4163
14653
7655
24011
39221
38814
51
665
2030
7695
2398
886
6633
36885
17269
37597
10937
36943
10015
3759
1953
33082
20371
20045
10417
25241
36688
3375
1453
413
320
106
9925
32947
1051
1486
5597
142
24135
1379
891
31234
13203
780
31540
596
46
11813
3791
21667
37436
35248
508
23441
35015
6046
1364
37621
20359
5074
6893
36094
990
417
6645
6948
1016
11491
10507
36198
38476
28063
1363
667
39570
20517
18465
2951
38889
27947
20033
1470
893
33783
4246
4262
7870
4618
35834
11209
738
218
28771
32171
12753
807
13709
33241
18495
1808
33372
31324
443
1218
29163
10779
476
37885
1532
789
31149
10893
23237
22673
997
12581
34299
39799
746
14645
26023
34439
1257
15133
3956
30902
290
23325
9355
34428
25839
31645
4550
14669
2006
32878
37998
6896
19669
7580
892
37964
39705
19391
5675
34966
19191
11763
37514
32561
40542
33338
274
24475
916
7748
34368
763
40507
345
5460
39355
27783
1212
31621
91
75
10187
8465
82
3653
7768
860
539
3654
32214
10336
5152
35757
18851
13767
6064
1367
10308
10172
6973
40417
2142
2175
9539
35629
2112
6489
2148
31368
9510
35067
37515
22189
21639
27411
741
6098
2962
14093
37458
4038
3549
1601
1060
1506
3328
334
20745
19653
39806
19123
13587
304
39388
1810
448
6165
5962
5041
24459
35382
30721
33075
6467
9999
38474
17157
23605
12119
12367
670
5774
7739
656
28299
23227
9618
7805
8023
20543
36214
10232
40174
31552
38295
36259
40357
12187
819
6768
10659
12929
13859
32915
10075
31665
6791
20533
995
30375
16910
29325
32863
38936
24913
173
3616
9332
17259
5772
11313
6624
1681
32015
34543
30868
37442
1366
16239
1253
3352
10851
39417
1311
37140
36587
40497
1614
30355
2969
3210
16982
5337
20545
19193
659
1576
3464
879
15609
441
37441
32447
19211
24855
474
31973
984
37651
593
8038
31733
10624
664
29755
23447
350
21573
40392
38731
35835
5178
8624
12069
7367
38735
36847
30745
5984
252
1668
10536
36702
5702
23279
1538
6291
9055
35500
24695
963
11005
33569
569
